0.000000000000000000e+00 -6.688013104396214881e-02 9.056022165741169083e-02 -2.445043863370633189e-02 9.716604361725248926e-03 1.151096207080339225e-02 -6.341848592768817294e-04 -3.449730217565553925e-03 -2.426115725558056300e-03 5.263213492492630321e-04
1.000000000000000056e-01 2.353630634440896652e-02 1.830640086539911393e-02 1.344057680094926620e-02 2.102014414012930849e-03 -1.352346967710248669e-02 -9.393408595525575694e-03 -1.286121645384857501e-02 -5.838033296263410790e-03 -7.961706397006678218e-03
2.000000000000000111e-01 -1.988169696965438882e-01 8.427902064518077996e-02 -3.273958979901230026e-02 -7.039221636827311390e-03 -1.793866064662676466e-02 -2.137836855040746789e-02 -1.446715428235863070e-02 -1.573945334652180131e-02 -1.713356734551178470e-02
3.000000000000000444e-01 2.920326627247925300e-02 -1.170936696886040462e-01 -2.558737094907567039e-02 -1.898935153872690490e-02 -1.146773963491120804e-02 -2.702072451272501813e-02 -1.787063582945240883e-02 -2.145426497996820447e-02 -2.031553925377061268e-02
4.000000000000000222e-01 -2.252010065194288146e-01 6.172569802148318574e-02 -3.441549554982611253e-02 -5.879207393338610824e-03 -2.252685225741853786e-02 -2.474446996720929687e-02 -2.313919065468838035e-02 -2.118847447231772887e-02 -2.237966323575890301e-02
5.000000000000000000e-01 2.556781897900543138e-03 -1.163674264297572675e-02 2.438688976991097018e-02 2.576468051393204783e-02 -2.080738161938743003e-02 -2.175647796464247330e-02 -2.172374379234113737e-02 -2.219690096213000965e-02 -1.910046394814869306e-02
6.000000000000000888e-01 -1.961205352703787042e-01 1.779210249611207217e-02 -2.376758711193108914e-02 -2.974938550334584389e-02 -1.184933393313911815e-03 -2.343975603213725029e-02 -1.187327878913836676e-02 -1.843588354604653104e-02 -1.670450007349967916e-02
7.000000000000000666e-01 -4.057753331809454966e-02 -4.824419346954790348e-03 2.472007566347720481e-02 -2.871691378081894785e-02 -2.673379519674213417e-03 -1.607951002873964780e-02 -1.588946389453747485e-02 -9.548269776496670636e-03 -1.057641383837439053e-02
8.000000000000000444e-01 1.048572660186374989e-01 -9.186649816353850695e-02 -4.117325624539532047e-02 1.111528845290768973e-02 3.480296540678690098e-03 -5.722682566578719474e-03 9.476054840953139838e-04 -4.793785566632052103e-03 -4.414219624134884876e-03
9.000000000000000222e-01 1.109192422447991822e-01 7.562527333080584779e-02 6.928802622313662805e-03 1.372442713941912119e-02 -3.208971090477852339e-05 4.523221047473258843e-03 3.398223493698910441e-03 7.142222532641781529e-03 4.081930660760606927e-03
1.000000000000000000e+00 3.225103219767286311e-02 -4.058619174931247381e-02 -4.549128878181674801e-02 -1.749157118344751849e-02 -2.325654791399834470e-03 2.400454308675723653e-03 1.196897281679145525e-02 1.493950675220522169e-02 1.599790910426075047e-02
1.100000000000000089e+00 -1.278765568734342717e-02 1.685666581758908655e-02 4.506107428140664062e-02 2.639328204244877768e-03 5.040049844512281552e-02 3.339842499910425366e-02 2.924065637464251868e-02 2.795298228106613686e-02 2.897385303708487417e-02
1.200000000000000178e+00 2.099326907316657609e-01 4.067765799032931062e-03 2.088037164897887932e-02 5.059718875395124993e-02 3.659551703782705501e-02 3.854559648302903485e-02 4.395629563242254428e-02 3.993443603861283192e-02 4.239931635248359032e-02
1.300000000000000044e+00 1.762701442557556564e-01 7.598102220243985183e-02 7.869835922188403443e-02 6.293572501285595033e-02 4.075314921682736402e-02 5.002690388996174076e-02 5.770251920368359155e-02 5.616335300776884726e-02 5.548524193055454773e-02
1.400000000000000133e+00 -1.806274823733786117e-02 -8.031392240115275971e-02 5.310075021324291156e-02 6.377310479555731160e-02 8.863916385425441025e-02 6.446140524638599434e-02 6.878151022216696941e-02 7.027918566514144982e-02 6.995116383050888065e-02
1.500000000000000000e+00 1.712024239280249827e-01 1.415391561631497985e-01 1.038801286335212237e-01 1.053593741434146747e-01 8.665840043792709391e-02 8.989966922513081826e-02 8.837572983041554198e-02 8.617571685000760540e-02 8.695113531154809172e-02
1.600000000000000089e+00 8.441415331585837289e-02 8.026111100541313825e-02 1.363350590441343435e-01 1.059153375055083696e-01 1.013588159684782469e-01 9.891289506642639284e-02 1.016658844998550998e-01 1.031115545070410422e-01 1.015965310958292234e-01
1.700000000000000178e+00 1.008794807296695684e-01 7.380311786615956215e-02 7.292300624464584380e-02 9.770431588669040157e-02 1.027408227298730187e-01 1.222882379888186738e-01 1.177812219958511708e-01 1.173963905049743711e-01 1.171956466800965768e-01
1.800000000000000044e+00 1.274572431660302152e-01 2.157586945534781253e-02 1.237755944572737771e-01 1.418608077078062635e-01 1.343105867761273942e-01 1.375029541004061939e-01 1.337396574760684465e-01 1.351294511736353121e-01 1.335970629555910394e-01
1.900000000000000133e+00 -1.206748738324874837e-01 9.989103753538555730e-02 1.170019292190810356e-01 1.412528430656477818e-01 1.715906000973804191e-01 1.501737938865724264e-01 1.501087635125959996e-01 1.458118777824044254e-01 1.463644881971343792e-01
2.000000000000000000e+00 9.747273860574438842e-02 1.986514926429798766e-01 2.457674723787694193e-01 1.596010905046335027e-01 1.774643122527744254e-01 1.499099909817703802e-01 1.550965914192368733e-01 1.602204712348454241e-01 1.583786126572216679e-01
2.100000000000000089e+00 1.118097579765602312e-01 2.020117270556479327e-01 1.508559040715595212e-01 1.796893719059423633e-01 1.821857081629989772e-01 1.650421239415733599e-01 1.694505779031218184e-01 1.711168896761289249e-01 1.728843720838233455e-01
2.200000000000000178e+00 1.957296549060004998e-01 2.149499262205374350e-01 1.718723556100035799e-01 1.866409507463229200e-01 1.735687074624303883e-01 1.824950235793717512e-01 1.843218150257407706e-01 1.834231313123114437e-01 1.832773011078555614e-01
2.300000000000000266e+00 1.283569535827749353e-01 2.429138661796572674e-01 1.642004737288381144e-01 2.102218448310380627e-01 1.675941167585334179e-01 2.012874653974874584e-01 1.875708281522598664e-01 1.955283101799991374e-01 1.939758390981032310e-01
2.400000000000000355e+00 3.116958849707668344e-02 1.559796186297742471e-01 1.942089790072578370e-01 2.136025729080999191e-01 1.964898856443358655e-01 1.924289988570495324e-01 2.000823713885016841e-01 2.003063460441066868e-01 2.006514628769404951e-01
2.500000000000000000e+00 2.505655942158963589e-01 1.491831610744486503e-01 2.384824187556942032e-01 1.766008919303760638e-01 2.033684664426737287e-01 2.091012244621290872e-01 2.031147223962562198e-01 2.024740158091194175e-01 2.064357085790112234e-01
2.600000000000000089e+00 2.060992246863622146e-01 2.170252628224328684e-01 2.393334313098075539e-01 2.051064067346277386e-01 2.008179364621756335e-01 2.091287667985017307e-01 2.102404245226319190e-01 2.067627898397390029e-01 2.093873889050326120e-01
2.700000000000000178e+00 2.802329225312125693e-01 1.535926835100425158e-01 2.294085661353991168e-01 2.111419580730399259e-01 2.000047328447393247e-01 2.099879162794219822e-01 2.082128743624993839e-01 2.074067399755418206e-01 2.097174303801944417e-01
2.800000000000000266e+00 1.918316317825544126e-01 2.438746877470112373e-01 2.316389504868470173e-01 1.878755402453705647e-01 2.110068992006237654e-01 2.073396868965064754e-01 2.163300721091588330e-01 2.061392431001448644e-01 2.066282876789621026e-01
2.900000000000000355e+00 2.316307025417690402e-01 2.615523045482693876e-01 2.032084052611209946e-01 1.918038617481815922e-01 2.035614788938992781e-01 2.033533618214075911e-01 2.033495966891389617e-01 2.012209384278419444e-01 2.039625765098248833e-01
3.000000000000000000e+00 1.254112524442697052e-01 3.211728076878724858e-01 1.777579194131116702e-01 2.166721087596647777e-01 1.751703422807558419e-01 1.945265762890331096e-01 1.944296254471591379e-01 1.966974764035288592e-01 1.952878134433075619e-01
3.100000000000000089e+00 2.004950835984119772e-01 1.528147386439888122e-01 2.021289388933799613e-01 1.503814061208253172e-01 1.829423733777572059e-01 1.919501414841996989e-01 1.798353577715679497e-01 1.840930346406713936e-01 1.859128095464930575e-01
3.200000000000000178e+00 2.694458111496663699e-01 1.853201886759274775e-01 2.057087316697485124e-01 1.498198127832807702e-01 1.758513561040932205e-01 1.679584845631375833e-01 1.712218605890973022e-01 1.730733083502693226e-01 1.729384929219949518e-01
3.300000000000000266e+00 1.072353761078302103e-01 5.755448423635771416e-02 1.883928996050822369e-01 1.684171199401382768e-01 1.573345635796411512e-01 1.442838685589624415e-01 1.527643228039853029e-01 1.532982770482156920e-01 1.555887381732408425e-01
3.400000000000000355e+00 9.270395636289702201e-03 2.340372109559174518e-01 1.329507881604158892e-01 1.114256042839853467e-01 1.418931482468582528e-01 1.331057172397354105e-01 1.347404027831132778e-01 1.347602813827191159e-01 1.367490852356659514e-01
3.500000000000000000e+00 1.151349273006850027e-01 6.472647553470980974e-02 8.576112662407166243e-02 1.486886212960114584e-01 1.166808201472990941e-01 1.105679406266722870e-01 1.035836254478655072e-01 1.141469395427296279e-01 1.142032261410370064e-01
3.600000000000000089e+00 1.188669820612368311e-01 4.801230648235980253e-02 8.894286322737673944e-02 8.886694206001286012e-02 9.009233062340486764e-02 8.697341283873549767e-02 9.417189832442873776e-02 8.918951001305321091e-02 8.782315114538394307e-02
3.700000000000000178e+00 2.028035291261424955e-02 2.590619955791152729e-02 2.855069201903405463e-03 9.404713620423077458e-02 6.832923489214538793e-02 5.392721235672707364e-02 5.756988740408623684e-02 6.300033349390518622e-02 6.268764609421564882e-02
3.800000000000000266e+00 4.969011097964992629e-02 7.255081805807552658e-03 -1.701082131173425188e-02 4.524936310718128546e-02 1.618411498985630054e-02 3.365448851737158631e-02 3.548336631650628181e-02 3.113074736125574782e-02 3.135896364994655156e-02
3.900000000000000355e+00 1.585523393532728975e-01 -3.484376717858599787e-02 4.423950591973647289e-02 -3.208937122646989167e-03 -6.340509628868640571e-03 -7.940978792808065304e-03 1.706307216103346812e-03 -1.954595302139024680e-03 -3.130169691351450834e-03
4.000000000000000000e+00 8.196469187945222556e-02 1.582114517103572898e-02 -3.636333658773712590e-02 -6.805442394388688809e-02 -4.184406819469504296e-02 -3.282388712731772185e-02 -3.611046331662138426e-02 -4.039523967320514386e-02 -3.642017851186938465e-02
4.100000000000000533e+00 -3.849776496475351001e-02 -1.758974911515243100e-02 -6.230046441849546035e-02 -6.358094710727137111e-02 -8.484026886563722503e-02 -8.674171934666730088e-02 -8.078346377942120793e-02 -7.248769552795773785e-02 -7.647230979737304479e-02
4.200000000000000178e+00 -2.099443965125107336e-01 -5.297992604329033323e-02 -9.319168995212978590e-02 -1.146913559038556935e-01 -1.300013391968776466e-01 -1.121064060414967145e-01 -1.125203574524483441e-01 -1.140965167613077064e-01 -1.157207398512121177e-01
4.299999999999999822e+00 -3.724748815806737112e-01 -1.412784707110113502e-01 -1.948562261562318265e-01 -1.395088225772432577e-01 -1.829312215277026921e-01 -1.648861193863617736e-01 -1.503546242736800154e-01 -1.574585351193645844e-01 -1.558986946456418499e-01
4.400000000000000355e+00 -1.370518766476390704e-01 -2.459473370234633860e-01 -1.997493303893411176e-01 -2.098943378777158586e-01 -1.824444263602425509e-01 -2.024087343838932573e-01 -1.998555368490993467e-01 -1.982778472949201787e-01 -1.989310756104912814e-01
4.500000000000000000e+00 -1.904038471565508428e-01 -2.587837356521601739e-01 -2.201590167188379465e-01 -2.458856822184870006e-01 -2.395339652537380737e-01 -2.437400823705604125e-01 -2.420511833614233665e-01 -2.424899051758060420e-01 -2.413564772378022083e-01
4.600000000000000533e+00 -1.691782690467446004e-01 -3.059335707086747735e-01 -2.793083947431875269e-01 -2.839556499193911510e-01 -2.923615518756071396e-01 -2.914945874504181744e-01 -2.872240524409943596e-01 -2.901689668702140956e-01 -2.875403175921597554e-01
4.700000000000000178e+00 -4.679416135022896328e-01 -2.990374838063880047e-01 -3.313929043871737257e-01 -3.160510373592955724e-01 -3.329598586805843086e-01 -3.360136791981454540e-01 -3.438201499457207988e-01 -3.369046292877126980e-01 -3.336469671809882964e-01
4.800000000000000711e+00 -3.292180277095914098e-01 -4.100433523885161358e-01 -4.144119557786434260e-01 -3.723850166963845743e-01 -3.718123599003516078e-01 -3.800857881597501930e-01 -3.824188032985185726e-01 -3.810844865157815287e-01 -3.829205609573466673e-01
4.900000000000000355e+00 -4.176359983175667590e-01 -3.752375932752242682e-01 -3.729592187249859969e-01 -4.263498227764812021e-01 -4.421759741452028769e-01 -4.225426729691088568e-01 -4.305959393307196015e-01 -4.301269718655157948e-01 -4.290699600620543896e-01
5.000000000000000000e+00 -5.298580745115408774e-01 -4.179606721709861472e-01 -4.994648872208301560e-01 -4.938084395302958507e-01 -4.641602935020533449e-01 -4.719286041580427193e-01 -4.770983821652859391e-01 -4.766259811728076889e-01 -4.759533502927188464e-01
5.100000000000000533e+00 -4.355332382883571607e-01 -5.658869174763477838e-01 -4.523494685223919953e-01 -5.277322653709473066e-01 -5.290960054935477386e-01 -5.303439522231948589e-01 -5.244229352366489572e-01 -5.223834407515645095e-01 -5.220592317063654786e-01
5.200000000000000178e+00 -5.393336385709418535e-01 -6.503339369658485136e-01 -6.059856477483270831e-01 -5.791906990646366049e-01 -5.871799323345407995e-01 -5.562821235662266384e-01 -5.739299403022779522e-01 -5.677914492667790469e-01 -5.691299628184834924e-01
5.300000000000000711e+00 -5.452200460433989093e-01 -6.638205262195817635e-01 -6.569848433805021148e-01 -6.123440255922178999e-01 -6.313762011214932857e-01 -6.118744978174331939e-01 -6.126275187788261523e-01 -6.126170397191901262e-01 -6.124494133219802183e-01
5.400000000000000355e+00 -6.495275712168864235e-01 -7.564186391467846438e-01 -6.453449257569873199e-01 -6.619633805730358311e-01 -6.419617678264804006e-01 -6.557204698847146629e-01 -6.580439520056953207e-01 -6.575883854345886403e-01 -6.590817094454508585e-01
5.500000000000000000e+00 -8.536529350702152241e-01 -7.249905347967530167e-01 -7.264622637234360303e-01 -6.944329302591309983e-01 -6.952530714544127299e-01 -7.069002818726913828e-01 -7.022847860898511207e-01 -6.999252635868473682e-01 -7.019995199589272872e-01
5.600000000000000533e+00 -7.180562210466144846e-01 -7.243915003792861240e-01 -7.210173849120403711e-01 -7.515456009368683965e-01 -7.208939086496874982e-01 -7.422483572133352636e-01 -7.392373884260937666e-01 -7.403490878254063157e-01 -7.425692125413285716e-01
5.700000000000000178e+00 -8.280156798643366622e-01 -7.813181694939816957e-01 -8.087241918555545528e-01 -8.189192331546893966e-01 -7.765568718132753734e-01 -7.838385667624534481e-01 -7.838825596206162594e-01 -7.813217319285948870e-01 -7.806810715488768926e-01
5.800000000000000711e+00 -6.073966674100945706e-01 -8.442221070509178249e-01 -7.941881605480574091e-01 -7.907652552016978253e-01 -8.102484586657888732e-01 -8.269408326263143483e-01 -8.118455867884297739e-01 -8.189952649183922517e-01 -8.171170614799391219e-01
5.900000000000000355e+00 -1.004723655192744092e+00 -8.810189474099308082e-01 -8.028214309575725238e-01 -8.890699698021673480e-01 -8.531659625038897632e-01 -8.520569732994445200e-01 -8.513769683650229680e-01 -8.540332743011345151e-01 -8.521025619612035973e-01
6.000000000000000000e+00 -1.127598354935977154e+00 -8.987249257229034116e-01 -8.716064510031209522e-01 -8.962022122454812445e-01 -9.081183953797673514e-01 -8.833382165655924156e-01 -8.804631911184230830e-01 -8.816515482403783910e-01 -8.851731650050089772e-01
6.100000000000000533e+00 -9.757048362039024703e-01 -9.434970707164739290e-01 -8.871106542120691385e-01 -8.934780822445905768e-01 -9.210890593872020915e-01 -9.164979229652437942e-01 -9.156692802098171935e-01 -9.171227300590487630e-01 -9.134593667549627538e-01
6.200000000000000178e+00 -9.231310617607133562e-01 -9.538051930551690871e-01 -9.542197748767905496e-01 -9.511765690701865505e-01 -9.391592887365010078e-01 -9.378019324673666501e-01 -9.370493440643419270e-01 -9.468020354555291007e-01 -9.422927355926959958e-01
6.300000000000000711e+00 -9.537452278113821569e-01 -1.079778092730885986e+00 -9.106178832750003727e-01 -9.527545385078459717e-01 -9.668585457884864010e-01 -9.685532380060223323e-01 -9.651922790777053285e-01 -9.658011092013815135e-01 -9.662361305398653455e-01
6.400000000000000355e+00 -9.585726983610225460e-01 -1.030697239023770750e+00 -9.911682989001801003e-01 -9.875799773556712680e-01 -9.990174208527767830e-01 -9.957437411627128032e-01 -9.862132176108214798e-01 -9.893316205137486774e-01 -9.860547926469281910e-01
6.500000000000000000e+00 -8.785939535092459618e-01 -1.024401235263279641e+00 -1.015300647509414178e+00 -9.956743390477480471e-01 -9.956959928145701078e-01 -1.003976340982379201e+00 -1.005698030655627351e+00 -1.003214515141019447e+00 -1.005955787966476667e+00
6.600000000000000533e+00 -1.216715964487192991e+00 -9.810458006559467092e-01 -1.054357441132231399e+00 -1.017575636603944345e+00 -1.014767889847229654e+00 -1.020600072867221320e+00 -1.022363044890288952e+00 -1.017899071239361630e+00 -1.021099808441515711e+00
6.700000000000000178e+00 -9.233312205638490866e-01 -1.069173213245761200e+00 -9.981657121612621530e-01 -1.014620034611160904e+00 -1.037290459304704315e+00 -1.032886670708817345e+00 -1.034709212136538659e+00 -1.033340091848782505e+00 -1.031040630463427865e+00
6.800000000000000711e+00 -1.107016646966018314e+00 -9.728687933688048295e-01 -1.044563048683568640e+00 -1.064742424510630725e+00 -1.034321987450666391e+00 -1.040396258913255156e+00 -1.042700224113383811e+00 -1.042345538651422432e+00 -1.042735013941461064e+00
6.900000000000000355e+00 -8.575195378287495673e-01 -1.049258017010523902e+00 -1.031798605164357285e+00 -1.087388072300505604e+00 -1.062037333707979370e+00 -1.045411441150606358e+00 -1.045264110034468619e+00 -1.050102484491343358e+00 -1.051368498503649995e+00
7.000000000000000000e+00 -1.157491926207098398e+00 -9.733181584143522080e-01 -1.043907318775842308e+00 -1.076544573298170437e+00 -1.057199800123213906e+00 -1.052196128797161956e+00 -1.055815665903579781e+00 -1.051279416877527018e+00 -1.050417013914192843e+00
7.100000000000000533e+00 -9.868508000431376326e-01 -9.911400867152837524e-01 -1.057531999017118141e+00 -1.083216013540982958e+00 -1.049443199367979362e+00 -1.048876026452027155e+00 -1.052473623126087166e+00 -1.051421296247205373e+00 -1.052273459785431520e+00
7.200000000000000178e+00 -1.217466665408384330e+00 -1.098306281365849957e+00 -1.029926743396788247e+00 -1.060253342686080069e+00 -1.038831046579430595e+00 -1.057762972761352449e+00 -1.048329554972940780e+00 -1.047428668082980741e+00 -1.051713286996273977e+00
7.300000000000000711e+00 -1.097747580317352423e+00 -1.044124625249307492e+00 -9.832109721181359063e-01 -1.060699629828831370e+00 -1.041789915448678272e+00 -1.049890962091628799e+00 -1.045290843994278740e+00 -1.047461459048732113e+00 -1.044630235993484257e+00
7.400000000000000355e+00 -9.478492268509124408e-01 -1.110692198932565766e+00 -1.008765257819447481e+00 -1.041083003013047792e+00 -1.035177501251892895e+00 -1.046850586929374050e+00 -1.043364874243641216e+00 -1.037476223244861329e+00 -1.038698224896930089e+00
7.500000000000000000e+00 -1.103294522083041906e+00 -1.012412504505643129e+00 -1.013960028114793799e+00 -1.039268744665637234e+00 -1.032260454921351656e+00 -1.031012482435829547e+00 -1.027535067188434681e+00 -1.029433131918926714e+00 -1.030346916565888282e+00
7.600000000000000533e+00 -1.044535553458623811e+00 -1.008000889499011565e+00 -1.008131675235492741e+00 -9.959514530798126986e-01 -1.010100239106350273e+00 -1.032833195333046294e+00 -1.020385193928635026e+00 -1.019226877014485222e+00 -1.019095005928639219e+00
7.700000000000000178e+00 -9.305584169333166455e-01 -1.014894160994883610e+00 -1.028607880539258446e+00 -1.004487122028755897e+00 -1.017166285373894308e+00 -1.010535112084319120e+00 -1.003723122822582026e+00 -1.005353636877592383e+00 -1.004401324499079484e+00
7.800000000000000711e+00 -9.828828076779321243e-01 -9.490215448135220777e-01 -9.522479471431243292e-01 -9.976869576127286310e-01 -1.002045951328887297e+00 -9.870932033999535449e-01 -9.896184772322066392e-01 -9.908495754141032341e-01 -9.911254992185400958e-01
7.900000000000000355e+00 -9.502454352414054783e-01 -1.005581391034434002e+00 -9.583000594632894442e-01 -9.761852688078858087e-01 -9.701109899404201098e-01 -9.754795164435455801e-01 -9.770671487710518299e-01 -9.750261527141749207e-01 -9.745302116023805139e-01
8.000000000000000000e+00 -1.153209554514713631e+00 -1.052688974259186061e+00 -9.879280382380123404e-01 -9.657866507982245663e-01 -9.616916573285226866e-01 -9.561988721740504182e-01 -9.627569895779914955e-01 -9.599527243578479530e-01 -9.581282826825773258e-01
8.099999999999999645e+00 -9.052576506890898100e-01 -9.595673810627396438e-01 -9.282175330818216441e-01 -9.474471389387608689e-01 -9.348367753060209395e-01 -9.350695018113449608e-01 -9.353537655986641219e-01 -9.429637692959660367e-01 -9.410231795077308448e-01
8.200000000000001066e+00 -8.862826146788648218e-01 -9.303243201616563374e-01 -9.248735041007954960e-01 -9.051556521496666452e-01 -9.370180672341035244e-01 -9.222198498147040624e-01 -9.246724594903429351e-01 -9.229720728326806789e-01 -9.216162047290858972e-01
8.300000000000000711e+00 -1.082483734473373316e+00 -8.839912900502668869e-01 -9.334130206796672491e-01 -8.732630434341214221e-01 -9.065360394098488372e-01 -9.016107978957548230e-01 -9.030390782314623443e-01 -9.029163136565073744e-01 -9.041312831215899681e-01
8.400000000000000355e+00 -9.017695705266289830e-01 -8.275550917965357467e-01 -8.654029542928821650e-01 -8.835940356747657987e-01 -8.954307790459132832e-01 -8.737798311593528711e-01 -8.855085308142249811e-01 -8.843260256340255143e-01 -8.867753843606150932e-01
8.500000000000000000e+00 -9.463361443416978824e-01 -8.822292411329373252e-01 -9.204987951615257735e-01 -8.471832128988948662e-01 -8.693290823854455951e-01 -8.753196579859598980e-01 -8.684346224316846774e-01 -8.675016704613648377e-01 -8.700829704067630788e-01
8.599999999999999645e+00 -6.537175562781917249e-01 -8.462602042099253152e-01 -8.211555223680312432e-01 -8.601582610522504613e-01 -8.497004920016499874e-01 -8.506474549074026781e-01 -8.498143701243028314e-01 -8.527529926919995562e-01 -8.507583550896146152e-01
8.700000000000001066e+00 -9.713522735756575655e-01 -7.654026791726540324e-01 -8.261362170285695417e-01 -8.406697149983741735e-01 -8.182746307982616818e-01 -8.307862071222390510e-01 -8.376216894410346558e-01 -8.323442962170487514e-01 -8.339813634533642661e-01
8.800000000000000711e+00 -7.736381760799513341e-01 -8.442874138937889184e-01 -8.154106462609652661e-01 -8.252172421566050797e-01 -7.925523844642509141e-01 -8.261652867621536167e-01 -8.256211189843918330e-01 -8.196448474230991765e-01 -8.203909257179974324e-01
8.900000000000000355e+00 -8.408406362057232464e-01 -7.739644592829956204e-01 -7.952600979541505355e-01 -7.888708517906561912e-01 -8.124106212184196707e-01 -8.000495931024571572e-01 -8.078845008653514626e-01 -8.065079555993548421e-01 -8.068198661812272521e-01
9.000000000000000000e+00 -8.494470876824047334e-01 -8.463952640984402365e-01 -7.790667220058310471e-01 -7.823892217225576484e-01 -7.906781819127050026e-01 -8.016256087612841918e-01 -7.892544935256367022e-01 -7.911675266959751207e-01 -7.918680954964404384e-01
9.099999999999999645e+00 -8.266827250722348364e-01 -8.235475956392047658e-01 -8.576993942568403861e-01 -7.668638720860387892e-01 -7.861986233132383095e-01 -7.776120550405026810e-01 -7.820113889536958185e-01 -7.834229933214269526e-01 -7.819635047866918542e-01
9.200000000000001066e+00 -7.643300269363538790e-01 -8.203925249261466712e-01 -7.895043647748707372e-01 -7.907400182943122857e-01 -7.652467849924041721e-01 -7.794793099084741383e-01 -7.707851145506817714e-01 -7.697589295563292966e-01 -7.722528874843808122e-01
9.300000000000000711e+00 -8.018433191699292362e-01 -7.533423025397730788e-01 -8.040035632767051910e-01 -7.368171015379365585e-01 -7.642895983471436061e-01 -7.648502812134977402e-01 -7.694302092423835893e-01 -7.661979021392778533e-01 -7.670864507459523862e-01
9.400000000000000355e+00 -6.659501415995771056e-01 -8.289228864160356203e-01 -7.474438294814513828e-01 -7.954406165247522864e-01 -7.699898873295130119e-01 -7.562435403053013871e-01 -7.600887828058425777e-01 -7.636602094862807721e-01 -7.612582971349705074e-01
9.500000000000000000e+00 -9.008935780038597185e-01 -8.109420461037364358e-01 -8.029894321736101848e-01 -7.731388837085499954e-01 -7.690576722848343483e-01 -7.586123569429132907e-01 -7.593624604297811720e-01 -7.581285764642824443e-01 -7.595415961460081355e-01
9.600000000000001421e+00 -7.964811383705191483e-01 -8.387399459180726602e-01 -7.626672501511321256e-01 -7.340889928954930088e-01 -7.519506184484560096e-01 -7.533117678262286621e-01 -7.550042170118282936e-01 -7.583595171170380844e-01 -7.588956022347993491e-01
9.700000000000001066e+00 -7.868770434516276779e-01 -7.768877149657120729e-01 -7.795664258765504506e-01 -7.603012588761032253e-01 -7.779583067287669795e-01 -7.611461955037761573e-01 -7.573491600785499100e-01 -7.599906477488966861e-01 -7.606276449534870032e-01
9.800000000000000711e+00 -7.481115732231481408e-01 -6.687243497321075925e-01 -8.008075636947306064e-01 -7.342625177041489648e-01 -7.561826526276351768e-01 -7.599269995138994149e-01 -7.631873426657804771e-01 -7.638371194906490302e-01 -7.650748357861573146e-01
9.900000000000000355e+00 -7.477408776851263150e-01 -6.971372365080141797e-01 -7.629987795525443595e-01 -7.724324936982277512e-01 -7.716435139928319309e-01 -7.716971382456522255e-01 -7.748418274125337124e-01 -7.728791889811981175e-01 -7.741778209691168033e-01
1.000000000000000000e+01 -7.547612038055733219e-01 -7.253365660290667094e-01 -7.772078212002728748e-01 -7.737067113830469189e-01 -7.974551106849389059e-01 -7.871137723707534173e-01 -7.836888985702070709e-01 -7.789845736030590606e-01 -7.813032216847533018e-01
